#ACCESSION: LU027006
#RECORD_TITLE: Quinine; LC-ESI-QFT; MS2; CE: 90; R=17500; [M+H]+
#DATE: 2020.08.19
#AUTHORS: Kondić, T.;Singh, R.;Elapavalore, A.;Schymanski, E.
# m/z int. rel.int.
  51.0231 7643.9 2
  53.0022 113401.5 41
  53.0386 752247.8 273
  53.9975 14729.1 5
  54.0338 26350.4 9
  55.0542 377269.8 137
  56.0495 122182.3 44
  57.0573 9218.6 3
  58.065 12548.5 4
  65.0385 336206.2 122
  66.0463 156558.5 56
  67.0416 106696.6 38
  67.0542 593524.1 215
  68.0494 222335.1 80
  69.0573 67233.4 24
  69.0699 12017 4
  70.0651 60309.5 21
  77.0385 75761.9 27
  78.0464 18790.6 6
  79.0542 2746952 999
  80.0494 533608.9 194
  81.0698 1075384.5 391
  82.0651 408667 148
  83.0729 17982.6 6
  84.0807 33249.1 12
  89.0386 25871.6 9
  91.0542 429018.7 156
  92.0494 19532.9 7
  92.062 7904.8 2
  93.0572 112425.3 40
  93.0698 87661 31
  94.0651 219699 79
  95.0491 475155.8 172
  95.0729 63975 23
  95.0856 36020.3 13
  96.0442 23378.1 8
  96.0808 53673.9 19
  102.0463 46459 16
  103.0542 93534.8 34
  105.0447 182087.6 66
  105.0699 94418 34
  106.0651 166219.4 60
  107.073 46421.4 16
  107.0854 11495.2 4
  108.0807 173118.8 62
  109.0648 12932.6 4
  109.0884 11446.2 4
  110.06 18372.6 6
  110.0964 35382.4 12
  115.0542 377283.9 137
  116.0493 71600.5 26
  117.0572 671470.6 244
  117.0698 44194.2 16
  118.065 65982.8 23
  119.0729 32363.3 11
  120.0807 83260.2 30
  121.0646 12314.4 4
  121.0885 8339.8 3
  122.0963 31438.6 11
  124.0754 6618.3 2
  124.1122 17710.6 6
  128.0495 29734.9 10
  129.0572 269779.1 98
  130.0411 19290.3 7
  130.0651 144320.7 52
  131.0729 230588.3 83
  132.0444 34276.7 12
  132.0808 35935.9 13
  133.0521 26564.7 9
  133.0646 74620.5 27
  134.0963 123679.6 44
  136.112 53886 19
  140.0492 36060.9 13
  141.0572 277034.6 100
  142.0651 266987.1 97
  143.0365 47657.3 17
  143.0729 542644.4 197
  144.0807 167701.1 60
  145.0522 331156.5 120
  145.0647 111540.3 40
  146.06 118515.1 43
  147.0677 16838.3 6
  148.0393 29232.3 10
  153.0573 62120.4 22
  154.065 713248.3 259
  155.0605 37087.7 13
  155.0729 453744.5 165
  156.0683 86562.7 31
  156.0806 100172.3 36
  157.0522 218308.5 79
  157.0885 22794 8
  158.06 371320.3 135
  159.0677 150959.7 54
  160.0756 540845 196
  161.0471 21249.2 7
  162.0908 10120.1 3
  166.0651 138764.2 50
  166.1226 8771.6 3
  167.0729 473650.1 172
  168.0682 113123.4 41
  168.0806 105228.4 38
  169.0521 508619.3 184
  169.0757 53892.9 19
  169.0883 33099.1 12
  170.0599 287845.2 104
  170.0836 25286.6 9
  171.0678 86300.5 31
  172.0756 1125729.5 409
  173.0834 112616.1 40
  174.0549 101606.7 36
  174.0913 51104.3 18
  175.0627 80727.5 29
  176.0706 13591.6 4
  179.073 39388.4 14
  180.0807 154707.7 56
  181.0522 31741.5 11
  181.0755 37350 13
  181.0885 107187.2 38
  182.06 260969.1 94
  182.0838 62303.4 22
  182.0965 27327.7 9
  183.0678 343050.8 124
  183.1042 39937.4 14
  184.0756 215314.4 78
  185.0475 10432.1 3
  185.0704 6976.8 2
  185.0836 14338.1 5
  186.0549 40426.8 14
  186.0913 243394 88
  188.0705 45849.8 16
  189.0785 15284.8 5
  191.0576 6944.1 2
  191.0727 55227.2 20
  192.0807 80921 29
  193.0763 21198.4 7
  193.0886 78470.6 28
  194.06 36963.8 13
  194.0838 31129.6 11
  194.096 45795.3 16
  195.0679 68680.7 24
  195.0914 29934.1 10
  195.104 19549.3 7
  196.0631 24097.7 8
  196.0756 99191.6 36
  196.0994 22028 8
  197.0711 39458.4 14
  197.0834 88587.1 32
  197.107 6804.3 2
  198.0799 10111.3 3
  198.0913 102862.8 37
  199.0628 15115.2 5
  199.0864 24417.9 8
  200.0704 43864.2 15
  200.1067 6020.3 2
  202.0861 18461.2 6
  204.0807 78920.9 28
  205.0759 23089.7 8
  205.0884 60387.3 21
  206.0602 11562.9 4
  206.0837 38091.8 13
  206.0963 59663.7 21
  207.0672 11086 4
  207.0916 57952.2 21
  207.1041 25876 9
  208.0756 60698.3 22
  208.0995 61159.3 22
  208.1109 9260.2 3
  209.071 15836 5
  209.0834 30403.5 11
  209.107 17780.4 6
  210.0795 10388.7 3
  210.091 127170.9 46
  210.1149 15778.5 5
  211.0863 57878.6 21
  211.0988 14987.1 5
  212.0951 6149.7 2
  212.1071 17791.9 6
  214.0859 20549.5 7
  216.0802 9607.4 3
  217.0881 42695.3 15
  218.0845 10405.3 3
  218.0964 54649.4 19
  219.0673 12087.5 4
  219.0916 38124.1 13
  219.1042 22234.3 8
  220.0756 51894.5 18
  220.0991 22623.6 8
  220.112 27183.2 9
  221.0716 11496 4
  221.0839 14572.3 5
  221.107 20185.6 7
  221.1198 20444.3 7
  222.0785 16264.3 5
  222.0911 37997.4 13
  222.115 17469.1 6
  223.0864 17859.6 6
  223.0991 22282.9 8
  224.0948 9775 3
  224.1066 58489.7 21
  225.1022 18989 6
  226.1226 10007.2 3
  230.0962 12677.8 4
  231.1048 6586.9 2
  232.0745 13501.1 4
  232.1 9028.7 3
  232.112 19371.7 7
  233.0834 24046.5 8
  233.1076 11799.2 4
  233.1204 8394.6 3
  234.0913 32788.2 11
  234.1149 18835.2 6
  234.1272 8481.3 3
  235.0864 59611.1 21
  235.0987 6999.4 2
  236.094 24611.9 8
  236.1068 38402.2 13
  237.1021 50719.9 18
  238.1222 15775.2 5
  246.0909 14021.7 5
  247.0991 15341.2 5
  248.0944 8484.5 3
  248.1068 40953.7 14
  249.1014 28495.1 10
  250.1095 11006.8 4
  250.1225 14429.2 5
  251.1174 46431.9 16
  260.1073 6712.4 2
  263.118 9005.1 3
  264.1385 10995.2 3
  265.1332 11293 4
  277.1332 8309.6 3